-8.705147
2.508859
0.027583
0.000000
0.000000
2.508859
1.286891
0.005304
0.000000
0.000000
0.027583
0.005304
0.000000
0.000000
0.000000
0.000000
0.000000
0.000000
0.000000
0.000000
0.000000
0.000000
0.000000
0.000000
0.000000
0.770397
-13.646011
2.362320
0.037352
0.000000
1.435219
4.068448
1.741360
0.007181
0.000000
0.008487
0.044133
0.008487
-0.000000
0.000000
0.000000
0.000000
0.000000
0.000000
0.000000
0.000000
0.000000
0.000000
0.000000
0.000000
0.038427
1.782833
-15.292966
1.782833
0.038438
0.007390
1.790802
4.588311
1.790802
0.007390
0.000000
0.009548
0.049649
0.009548
-0.000000
0.000000
0.000000
0.000000
0.000000
0.000000
0.000000
0.000000
0.000000
0.000000
0.000000
0.000000
0.037352
2.362320
-13.646011
0.770397
0.000000
0.007181
1.741360
4.068448
1.435219
0.000000
-0.000000
0.008487
0.044133
0.008487
0.000000
0.000000
0.000000
0.000000
0.000000
0.000000
0.000000
0.000000
0.000000
0.000000
0.000000
0.000000
0.027589
2.508859
-8.705147
0.000000
0.000000
0.005305
1.286891
2.508859
0.000000
0.000000
-0.000000
0.005304
0.027583
0.000000
0.000000
0.000000
0.000000
0.000000
0.000000
0.000000
0.000000
0.000000
0.000000
0.770397
1.435219
0.008487
0.000000
0.000000
-13.646011
4.068448
0.044133
0.000000
0.000000
2.362320
1.741360
0.008487
0.000000
0.000000
0.037352
0.007181
-0.000000
0.000000
0.000000
0.000000
0.000000
0.000000
0.000000
0.000000
1.298259
1.319473
1.788084
0.011492
0.000000
1.319473
-21.382060
3.866551
0.059764
0.000000
1.788084
3.866551
2.277910
0.011491
0.000000
0.011492
0.059764
0.011491
-0.000000
0.000000
0.000000
0.000000
0.000000
0.000000
0.000000
0.011824
1.742431
1.502498
1.742431
0.011826
0.061482
2.950226
-23.960744
2.950226
0.061501
0.011824
2.293485
4.367961
2.293485
0.011825
-0.000000
0.012928
0.067234
0.012928
-0.000000
0.000000
0.000000
0.000000
0.000000
0.000000
0.000000
0.011492
1.788084
1.319473
1.298259
0.000000
0.059764
3.866551
-21.382060
1.319473
0.000000
0.011491
2.277910
3.866551
1.788084
0.000000
-0.000000
0.011491
0.059764
0.011492
0.000000
0.000000
0.000000
0.000000
0.000000
0.000000
0.000000
0.008488
1.435219
0.770397
0.000000
0.000000
0.044143
4.068448
-13.646011
0.000000
0.000000
0.008488
1.741360
2.362320
0.000000
0.000000
-0.000000
0.007181
0.037352
0.000000
0.000000
0.000000
0.000000
0.000000
0.038427
0.007390
0.000000
0.000000
0.000000
1.782833
1.790802
0.009548
0.000000
0.000000
-15.292966
4.588311
0.049649
0.000000
0.000000
1.782833
1.790802
0.009548
0.000000
0.000000
0.038438
0.007390
-0.000000
0.000000
0.000000
0.011824
0.061482
0.011824
-0.000000
0.000000
1.742431
2.950226
2.293485
0.012928
0.000000
1.502498
-23.960744
4.367961
0.067234
0.000000
1.742431
2.950226
2.293485
0.012928
0.000000
0.011826
0.061501
0.011825
-0.000000
0.000000
0.000000
0.013302
0.069168
0.013302
-0.000000
0.013302
2.277361
3.339357
2.277361
0.013303
0.069168
3.339357
-26.850003
3.339357
0.069188
0.013302
2.277361
3.339357
2.277361
0.013303
-0.000000
0.013303
0.069188
0.013303
-0.000000
0.000000
-0.000000
0.011824
0.061482
0.011824
0.000000
0.012928
2.293485
2.950226
1.742431
0.000000
0.067234
4.367961
-23.960744
1.502498
0.000000
0.012928
2.293485
2.950226
1.742431
0.000000
-0.000000
0.011825
0.061501
0.011826
0.000000
0.000000
-0.000000
0.007390
0.038427
0.000000
0.000000
0.009549
1.790802
1.782833
0.000000
0.000000
0.049661
4.588311
-15.292966
0.000000
0.000000
0.009549
1.790802
1.782833
0.000000
0.000000
-0.000000
0.007390
0.038438
0.000000
0.000000
0.000000
0.000000
0.000000
0.037352
0.007181
-0.000000
0.000000
0.000000
2.362320
1.741360
0.008487
0.000000
0.000000
-13.646011
4.068448
0.044133
0.000000
0.000000
0.770397
1.435219
0.008487
0.000000
0.000000
0.000000
0.000000
0.000000
0.000000
0.000000
0.011492
0.059764
0.011491
-0.000000
0.000000
1.788084
3.866551
2.277910
0.011491
0.000000
1.319473
-21.382060
3.866551
0.059764
0.000000
1.298259
1.319473
1.788084
0.011492
0.000000
0.000000
0.000000
0.000000
0.000000
0.000000
-0.000000
0.012928
0.067234
0.012928
-0.000000
0.011824
2.293485
4.367961
2.293485
0.011825
0.061482
2.950226
-23.960744
2.950226
0.061501
0.011824
1.742431
1.502498
1.742431
0.011826
0.000000
0.000000
0.000000
0.000000
0.000000
0.000000
-0.000000
0.011491
0.059764
0.011492
0.000000
0.011491
2.277910
3.866551
1.788084
0.000000
0.059764
3.866551
-21.382060
1.319473
0.000000
0.011492
1.788084
1.319473
1.298259
0.000000
0.000000
0.000000
0.000000
0.000000
0.000000
0.000000
-0.000000
0.007181
0.037352
0.000000
0.000000
0.008488
1.741360
2.362320
0.000000
0.000000
0.044143
4.068448
-13.646011
0.000000
0.000000
0.008488
1.435219
0.770397
0.000000
0.000000
0.000000
0.000000
0.000000
0.000000
0.000000
0.000000
0.000000
0.000000
0.027589
0.005305
-0.000000
0.000000
0.000000
2.508859
1.286891
0.005304
0.000000
0.000000
-8.705147
2.508859
0.027583
0.000000
0.000000
0.000000
0.000000
0.000000
0.000000
0.000000
0.000000
0.000000
0.000000
0.000000
0.000000
0.008488
0.044143
0.008488
-0.000000
0.000000
1.435219
4.068448
1.741360
0.007181
0.000000
0.770397
-13.646011
2.362320
0.037352
0.000000
0.000000
0.000000
0.000000
0.000000
0.000000
0.000000
0.000000
0.000000
0.000000
0.000000
-0.000000
0.009549
0.049661
0.009549
-0.000000
0.007390
1.790802
4.588311
1.790802
0.007390
0.038427
1.782833
-15.292966
1.782833
0.038438
0.000000
0.000000
0.000000
0.000000
0.000000
0.000000
0.000000
0.000000
0.000000
0.000000
0.000000
-0.000000
0.008488
0.044143
0.008488
0.000000
0.007181
1.741360
4.068448
1.435219
0.000000
0.037352
2.362320
-13.646011
0.770397
0.000000
0.000000
0.000000
0.000000
0.000000
0.000000
0.000000
0.000000
0.000000
0.000000
0.000000
0.000000
-0.000000
0.005305
0.027589
0.000000
0.000000
0.005305
1.286891
2.508859
0.000000
0.000000
0.027589
2.508859
-8.705147
