0.000000 0.000000
0.052800 0.052775
0.105600 0.105404
0.158400 0.157738
0.211200 0.209633
0.263999 0.260943
0.316799 0.311527
0.369599 0.361242
0.422399 0.409950
0.475199 0.457515
0.527999 0.503806
0.580799 0.548692
0.633599 0.592049
0.686398 0.633755
0.739198 0.673696
0.791998 0.711758
0.844798 0.747837
0.897598 0.781831
0.950398 0.813647
1.003198 0.843194
1.055998 0.870392
1.108797 0.895163
1.161597 0.917440
1.214397 0.937159
1.267197 0.954267
1.319997 0.968714
1.372797 0.980462
1.425597 0.989477
1.478397 0.995734
1.531196 0.999216
1.583996 0.999913
1.636796 0.997823
1.689596 0.992952
1.742396 0.985313
1.795196 0.974928
1.847996 0.961826
1.900796 0.946043
1.953595 0.927623
2.006395 0.906617
2.059195 0.883085
2.111995 0.857092
2.164795 0.828709
2.217595 0.798017
2.270395 0.765101
2.323195 0.730052
2.375994 0.692968
2.428794 0.653953
2.481594 0.613116
2.534394 0.570569
2.587194 0.526432
2.639994 0.480828
2.692794 0.433884
2.745594 0.385730
2.798393 0.336501
2.851193 0.286335
2.903993 0.235370
2.956793 0.183750
3.009593 0.131617
3.062393 0.079117
3.115193 0.026397
3.167993 -0.026397
3.220792 -0.079117
3.273592 -0.131617
3.326392 -0.183750
3.379192 -0.235370
3.431992 -0.286335
3.484792 -0.336501
3.537592 -0.385730
3.590392 -0.433884
3.643191 -0.480828
3.695991 -0.526432
3.748791 -0.570569
3.801591 -0.613116
3.854391 -0.653953
3.907191 -0.692968
3.959991 -0.730052
4.012791 -0.765101
4.065590 -0.798017
4.118390 -0.828709
4.171190 -0.857092
4.223990 -0.883085
4.276790 -0.906617
4.329590 -0.927623
4.382390 -0.946043
4.435190 -0.961826
4.487990 -0.974928
4.540789 -0.985313
4.593589 -0.992952
4.646389 -0.997823
4.699189 -0.999913
4.751989 -0.999216
4.804789 -0.995734
4.857589 -0.989477
4.910389 -0.980462
4.963188 -0.968714
5.015988 -0.954267
5.068788 -0.937159
5.121588 -0.917440
5.174388 -0.895163
5.227188 -0.870392
5.279988 -0.843194
5.332788 -0.813647
5.385587 -0.781831
5.438387 -0.747837
5.491187 -0.711758
5.543987 -0.673696
5.596787 -0.633755
5.649587 -0.592049
5.702387 -0.548692
5.755187 -0.503806
5.807986 -0.457515
5.860786 -0.409950
5.913586 -0.361242
5.966386 -0.311527
6.019186 -0.260943
6.071986 -0.209633
6.124786 -0.157738
6.177586 -0.105404
6.230385 -0.052775
