0.000000 0.000000
0.010000 0.030831
0.020000 0.060523
0.030000 0.089123
0.040000 0.116676
0.050000 0.143225
0.060000 0.168809
0.070000 0.193468
0.080000 0.217239
0.090000 0.240157
0.100000 0.262257
0.110000 0.283570
0.120000 0.304129
0.130000 0.323963
0.140000 0.343100
0.150000 0.361567
0.160000 0.379391
0.170000 0.396597
0.180000 0.413209
0.190000 0.429249
0.200000 0.444740
0.210000 0.459702
0.220000 0.474156
0.230000 0.488121
0.240000 0.501615
0.250000 0.514656
0.260000 0.527262
0.270000 0.539448
0.280000 0.551231
0.290000 0.562624
0.300000 0.573643
0.310000 0.584301
0.320000 0.594612
0.330000 0.604587
0.340000 0.614241
0.350000 0.623583
0.360000 0.632625
0.370000 0.641379
0.380000 0.649854
0.390000 0.658060
0.400000 0.666008
0.410000 0.673705
0.420000 0.681161
0.430000 0.688384
0.440000 0.695383
0.450000 0.702165
0.460000 0.708738
0.470000 0.715109
0.480000 0.721285
0.490000 0.727272
0.500000 0.733077
0.510000 0.738707
0.520000 0.744166
0.530000 0.749462
0.540000 0.754599
0.550000 0.759582
0.560000 0.764417
0.570000 0.769109
0.580000 0.773662
0.590000 0.778080
0.600000 0.782369
0.610000 0.786533
0.620000 0.790575
0.630000 0.794499
0.640000 0.798309
0.650000 0.802009
0.660000 0.805603
0.670000 0.809093
0.680000 0.812482
0.690000 0.815775
0.700000 0.818974
0.710000 0.822082
0.720000 0.825101
0.730000 0.828035
0.740000 0.830885
0.750000 0.833656
0.760000 0.836348
0.770000 0.838964
0.780000 0.841507
0.790000 0.843978
0.800000 0.846380
0.810000 0.848715
0.820000 0.850985
0.830000 0.853191
0.840000 0.855335
0.850000 0.857420
0.860000 0.859447
0.870000 0.861417
0.880000 0.863332
0.890000 0.865194
0.900000 0.867004
0.910000 0.868763
0.920000 0.870473
0.930000 0.872135
0.940000 0.873751
0.950000 0.875321
0.960000 0.876847
0.970000 0.878330
0.980000 0.879771
0.990000 0.881172
1.000000 0.882532
1.010000 0.883854
1.020000 0.885138
1.030000 0.886385
1.040000 0.887596
1.050000 0.888772
1.060000 0.889913
1.070000 0.891021
1.080000 0.892097
1.090000 0.893140
1.100000 0.894152
1.110000 0.895134
1.120000 0.896085
1.130000 0.897008
1.140000 0.897901
1.150000 0.898767
1.160000 0.899605
1.170000 0.900417
1.180000 0.901202
1.190000 0.901962
1.200000 0.902696
1.210000 0.903405
1.220000 0.904090
1.230000 0.904751
1.240000 0.905388
1.250000 0.906003
1.260000 0.906595
1.270000 0.907164
1.280000 0.907712
1.290000 0.908238
1.300000 0.908743
1.310000 0.909226
1.320000 0.909690
1.330000 0.910132
1.340000 0.910555
1.350000 0.910958
1.360000 0.911342
1.370000 0.911706
1.380000 0.912051
1.390000 0.912377
1.400000 0.912685
1.410000 0.912974
1.420000 0.913245
1.430000 0.913497
1.440000 0.913732
1.450000 0.913949
1.460000 0.914148
1.470000 0.914329
1.480000 0.914493
1.490000 0.914640
1.500000 0.914769
1.510000 0.914881
1.520000 0.914976
1.530000 0.915054
1.540000 0.915115
1.550000 0.915158
1.560000 0.915185
1.570000 0.915195
1.580000 0.915188
1.590000 0.915164
1.600000 0.915123
1.610000 0.915065
1.620000 0.914989
1.630000 0.914897
1.640000 0.914788
1.650000 0.914661
1.660000 0.914518
1.670000 0.914356
1.680000 0.914178
1.690000 0.913981
1.700000 0.913767
1.710000 0.913536
1.720000 0.913286
1.730000 0.913018
1.740000 0.912732
1.750000 0.912427
1.760000 0.912104
1.770000 0.911762
1.780000 0.911401
1.790000 0.911021
1.800000 0.910621
1.810000 0.910201
1.820000 0.909761
1.830000 0.909302
1.840000 0.908821
1.850000 0.908320
1.860000 0.907797
1.870000 0.907253
1.880000 0.906687
1.890000 0.906099
1.900000 0.905488
1.910000 0.904854
1.920000 0.904197
1.930000 0.903516
1.940000 0.902810
1.950000 0.902080
1.960000 0.901325
1.970000 0.900544
1.980000 0.899736
1.990000 0.898902
2.000000 0.898041
2.010000 0.897152
2.020000 0.896234
2.030000 0.895287
2.040000 0.894310
2.050000 0.893303
2.060000 0.892265
2.070000 0.891195
2.080000 0.890092
2.090000 0.888956
2.100000 0.887786
2.110000 0.886580
2.120000 0.885339
2.130000 0.884061
2.140000 0.882745
2.150000 0.881391
2.160000 0.879997
2.170000 0.878563
2.180000 0.877086
2.190000 0.875567
2.200000 0.874004
2.210000 0.872396
2.220000 0.870741
2.230000 0.869038
2.240000 0.867287
2.250000 0.865486
2.260000 0.863632
2.270000 0.861726
2.280000 0.859764
2.290000 0.857747
2.300000 0.855671
2.310000 0.853537
2.320000 0.851340
2.330000 0.849081
2.340000 0.846756
2.350000 0.844365
2.360000 0.841905
2.370000 0.839374
2.380000 0.836769
2.390000 0.834089
2.400000 0.831332
2.410000 0.828494
2.420000 0.825574
2.430000 0.822568
2.440000 0.819475
2.450000 0.816291
2.460000 0.813013
2.470000 0.809639
2.480000 0.806165
2.490000 0.802589
2.500000 0.798906
2.510000 0.795113
2.520000 0.791207
2.530000 0.787184
2.540000 0.783041
2.550000 0.778772
2.560000 0.774374
2.570000 0.769843
2.580000 0.765174
2.590000 0.760362
2.600000 0.755402
2.610000 0.750290
2.620000 0.745021
2.630000 0.739588
2.640000 0.733986
2.650000 0.728209
2.660000 0.722251
2.670000 0.716105
2.680000 0.709766
2.690000 0.703226
2.700000 0.696478
2.710000 0.689514
2.720000 0.682327
2.730000 0.674908
2.740000 0.667250
2.750000 0.659343
2.760000 0.651179
2.770000 0.642747
2.780000 0.634039
2.790000 0.625043
2.800000 0.615749
2.810000 0.606146
2.820000 0.596222
2.830000 0.585966
2.840000 0.575364
2.850000 0.564404
2.860000 0.553071
2.870000 0.541351
2.880000 0.529231
2.890000 0.516693
2.900000 0.503722
2.910000 0.490301
2.920000 0.476412
2.930000 0.462038
2.940000 0.447158
2.950000 0.431753
2.960000 0.415801
2.970000 0.399282
2.980000 0.382173
2.990000 0.364448
3.000000 0.346085
3.010000 0.327056
3.020000 0.307336
3.030000 0.286894
3.040000 0.265703
3.050000 0.243731
3.060000 0.220945
3.070000 0.197312
3.080000 0.172797
3.090000 0.147363
3.100000 0.120971
3.110000 0.093581
3.120000 0.065150
3.130000 0.035635
3.140000 0.004988
