0.000000 0.000000
0.010000 0.011113
0.020000 0.025766
0.030000 0.042470
0.040000 0.059738
0.050000 0.076081
0.060000 0.090139
0.070000 0.101782
0.080000 0.111569
0.090000 0.120063
0.100000 0.127831
0.110000 0.135430
0.120000 0.143162
0.130000 0.151032
0.140000 0.159030
0.150000 0.167144
0.160000 0.175362
0.170000 0.183674
0.180000 0.192071
0.190000 0.200547
0.200000 0.209092
0.210000 0.217699
0.220000 0.226360
0.230000 0.235069
0.240000 0.243820
0.250000 0.252608
0.260000 0.261428
0.270000 0.270273
0.280000 0.279139
0.290000 0.288022
0.300000 0.296918
0.310000 0.305823
0.320000 0.314733
0.330000 0.323643
0.340000 0.332552
0.350000 0.341456
0.360000 0.350352
0.370000 0.359238
0.380000 0.368109
0.390000 0.376965
0.400000 0.385802
0.410000 0.394618
0.420000 0.403412
0.430000 0.412180
0.440000 0.420921
0.450000 0.429633
0.460000 0.438315
0.470000 0.446963
0.480000 0.455578
0.490000 0.464156
0.500000 0.472697
0.510000 0.481199
0.520000 0.489661
0.530000 0.498081
0.540000 0.506457
0.550000 0.514789
0.560000 0.523075
0.570000 0.531314
0.580000 0.539504
0.590000 0.547645
0.600000 0.555736
0.610000 0.563775
0.620000 0.571761
0.630000 0.579693
0.640000 0.587570
0.650000 0.595391
0.660000 0.603155
0.670000 0.610861
0.680000 0.618509
0.690000 0.626097
0.700000 0.633624
0.710000 0.641089
0.720000 0.648492
0.730000 0.655832
0.740000 0.663107
0.750000 0.670318
0.760000 0.677462
0.770000 0.684540
0.780000 0.691551
0.790000 0.698493
0.800000 0.705367
0.810000 0.712170
0.820000 0.718904
0.830000 0.725566
0.840000 0.732156
0.850000 0.738674
0.860000 0.745118
0.870000 0.751488
0.880000 0.757784
0.890000 0.764004
0.900000 0.770149
0.910000 0.776216
0.920000 0.782207
0.930000 0.788119
0.940000 0.793953
0.950000 0.799708
0.960000 0.805383
0.970000 0.810978
0.980000 0.816492
0.990000 0.821925
1.000000 0.827276
1.010000 0.832544
1.020000 0.837729
1.030000 0.842830
1.040000 0.847847
1.050000 0.852780
1.060000 0.857627
1.070000 0.862389
1.080000 0.867064
1.090000 0.871653
1.100000 0.876155
1.110000 0.880570
1.120000 0.884896
1.130000 0.889134
1.140000 0.893283
1.150000 0.897343
1.160000 0.901313
1.170000 0.905193
1.180000 0.908983
1.190000 0.912682
1.200000 0.916289
1.210000 0.919805
1.220000 0.923229
1.230000 0.926561
1.240000 0.929800
1.250000 0.932946
1.260000 0.935999
1.270000 0.938959
1.280000 0.941824
1.290000 0.944595
1.300000 0.947272
1.310000 0.949854
1.320000 0.952342
1.330000 0.954734
1.340000 0.957030
1.350000 0.959231
1.360000 0.961336
1.370000 0.963345
1.380000 0.965257
1.390000 0.967073
1.400000 0.968792
1.410000 0.970415
1.420000 0.971940
1.430000 0.973368
1.440000 0.974699
1.450000 0.975932
1.460000 0.977068
1.470000 0.978106
1.480000 0.979046
1.490000 0.979889
1.500000 0.980633
1.510000 0.981279
1.520000 0.981828
1.530000 0.982278
1.540000 0.982629
1.550000 0.982883
1.560000 0.983038
1.570000 0.983095
1.580000 0.983054
1.590000 0.982914
1.600000 0.982676
1.610000 0.982340
1.620000 0.981906
1.630000 0.981373
1.640000 0.980742
1.650000 0.980013
1.660000 0.979186
1.670000 0.978262
1.680000 0.977239
1.690000 0.976119
1.700000 0.974901
1.710000 0.973586
1.720000 0.972173
1.730000 0.970663
1.740000 0.969056
1.750000 0.967352
1.760000 0.965551
1.770000 0.963654
1.780000 0.961660
1.790000 0.959571
1.800000 0.957385
1.810000 0.955103
1.820000 0.952726
1.830000 0.950254
1.840000 0.947687
1.850000 0.945025
1.860000 0.942268
1.870000 0.939418
1.880000 0.936473
1.890000 0.933435
1.900000 0.930303
1.910000 0.927078
1.920000 0.923761
1.930000 0.920351
1.940000 0.916849
1.950000 0.913256
1.960000 0.909571
1.970000 0.905795
1.980000 0.901929
1.990000 0.897972
2.000000 0.893926
2.010000 0.889790
2.020000 0.885565
2.030000 0.881252
2.040000 0.876851
2.050000 0.872362
2.060000 0.867785
2.070000 0.863122
2.080000 0.858373
2.090000 0.853537
2.100000 0.848617
2.110000 0.843611
2.120000 0.838522
2.130000 0.833348
2.140000 0.828091
2.150000 0.822751
2.160000 0.817329
2.170000 0.811825
2.180000 0.806240
2.190000 0.800575
2.200000 0.794829
2.210000 0.789004
2.220000 0.783100
2.230000 0.777117
2.240000 0.771057
2.250000 0.764920
2.260000 0.758706
2.270000 0.752417
2.280000 0.746052
2.290000 0.739612
2.300000 0.733099
2.310000 0.726512
2.320000 0.719853
2.330000 0.713122
2.340000 0.706319
2.350000 0.699446
2.360000 0.692503
2.370000 0.685490
2.380000 0.678409
2.390000 0.671260
2.400000 0.664045
2.410000 0.656762
2.420000 0.649414
2.430000 0.642001
2.440000 0.634524
2.450000 0.626983
2.460000 0.619380
2.470000 0.611715
2.480000 0.603988
2.490000 0.596201
2.500000 0.588355
2.510000 0.580450
2.520000 0.572486
2.530000 0.564466
2.540000 0.556389
2.550000 0.548256
2.560000 0.540069
2.570000 0.531827
2.580000 0.523532
2.590000 0.515185
2.600000 0.506787
2.610000 0.498338
2.620000 0.489839
2.630000 0.481291
2.640000 0.472694
2.650000 0.464051
2.660000 0.455361
2.670000 0.446626
2.680000 0.437846
2.690000 0.429022
2.700000 0.420155
2.710000 0.411246
2.720000 0.402296
2.730000 0.393306
2.740000 0.384277
2.750000 0.375209
2.760000 0.366104
2.770000 0.356962
2.780000 0.347784
2.790000 0.338572
2.800000 0.329325
2.810000 0.320046
2.820000 0.310735
2.830000 0.301392
2.840000 0.292020
2.850000 0.282618
2.860000 0.273188
2.870000 0.263731
2.880000 0.254247
2.890000 0.244738
2.900000 0.235205
2.910000 0.225648
2.920000 0.216068
2.930000 0.206467
2.940000 0.196845
2.950000 0.187204
2.960000 0.177543
2.970000 0.167865
2.980000 0.158170
2.990000 0.148460
3.000000 0.138734
3.010000 0.128995
3.020000 0.119243
3.030000 0.109479
3.040000 0.099704
3.050000 0.089918
3.060000 0.080124
3.070000 0.070322
3.080000 0.060513
3.090000 0.050698
3.100000 0.040878
3.110000 0.031053
3.120000 0.021226
3.130000 0.011396
3.140000 0.001566
3.150000 -0.008265
3.160000 -0.018095
3.170000 -0.027923
3.180000 -0.037749
3.190000 -0.047570
3.200000 -0.057387
3.210000 -0.067198
3.220000 -0.077003
3.230000 -0.086800
3.240000 -0.096588
3.250000 -0.106366
3.260000 -0.116134
3.270000 -0.125890
3.280000 -0.135634
3.290000 -0.145364
3.300000 -0.155079
3.310000 -0.164779
3.320000 -0.174462
3.330000 -0.184128
3.340000 -0.193776
3.350000 -0.203404
3.360000 -0.213012
3.370000 -0.222599
3.380000 -0.232163
3.390000 -0.241704
3.400000 -0.251221
3.410000 -0.260713
3.420000 -0.270179
3.430000 -0.279618
3.440000 -0.289028
3.450000 -0.298410
3.460000 -0.307762
3.470000 -0.317083
3.480000 -0.326373
3.490000 -0.335630
3.500000 -0.344853
3.510000 -0.354042
3.520000 -0.363196
3.530000 -0.372313
3.540000 -0.381393
3.550000 -0.390434
3.560000 -0.399437
3.570000 -0.408400
3.580000 -0.417322
3.590000 -0.426202
3.600000 -0.435040
3.610000 -0.443834
3.620000 -0.452583
3.630000 -0.461288
3.640000 -0.469946
3.650000 -0.478558
3.660000 -0.487121
3.670000 -0.495636
3.680000 -0.504101
3.690000 -0.512516
3.700000 -0.520879
3.710000 -0.529191
3.720000 -0.537449
3.730000 -0.545654
3.740000 -0.553804
3.750000 -0.561899
3.760000 -0.569938
3.770000 -0.577919
3.780000 -0.585843
3.790000 -0.593709
3.800000 -0.601514
3.810000 -0.609260
3.820000 -0.616945
3.830000 -0.624568
3.840000 -0.632129
3.850000 -0.639626
3.860000 -0.647060
3.870000 -0.654429
3.880000 -0.661732
3.890000 -0.668969
3.900000 -0.676140
3.910000 -0.683242
3.920000 -0.690277
3.930000 -0.697242
3.940000 -0.704137
3.950000 -0.710963
3.960000 -0.717717
3.970000 -0.724399
3.980000 -0.731009
3.990000 -0.737546
4.000000 -0.744009
4.010000 -0.750397
4.020000 -0.756711
4.030000 -0.762949
4.040000 -0.769111
4.050000 -0.775195
4.060000 -0.781203
4.070000 -0.787132
4.080000 -0.792982
4.090000 -0.798753
4.100000 -0.804444
4.110000 -0.810055
4.120000 -0.815585
4.130000 -0.821033
4.140000 -0.826399
4.150000 -0.831682
4.160000 -0.836883
4.170000 -0.841999
4.180000 -0.847032
4.190000 -0.851979
4.200000 -0.856842
4.210000 -0.861619
4.220000 -0.866309
4.230000 -0.870913
4.240000 -0.875430
4.250000 -0.879860
4.260000 -0.884201
4.270000 -0.888454
4.280000 -0.892618
4.290000 -0.896693
4.300000 -0.900678
4.310000 -0.904573
4.320000 -0.908378
4.330000 -0.912092
4.340000 -0.915715
4.350000 -0.919246
4.360000 -0.922685
4.370000 -0.926032
4.380000 -0.929286
4.390000 -0.932447
4.400000 -0.935515
4.410000 -0.938490
4.420000 -0.941371
4.430000 -0.944157
4.440000 -0.946849
4.450000 -0.949447
4.460000 -0.951949
4.470000 -0.954357
4.480000 -0.956669
4.490000 -0.958885
4.500000 -0.961005
4.510000 -0.963029
4.520000 -0.964957
4.530000 -0.966789
4.540000 -0.968524
4.550000 -0.970161
4.560000 -0.971702
4.570000 -0.973146
4.580000 -0.974492
4.590000 -0.975741
4.600000 -0.976893
4.610000 -0.977947
4.620000 -0.978902
4.630000 -0.979760
4.640000 -0.980521
4.650000 -0.981183
4.660000 -0.981746
4.670000 -0.982212
4.680000 -0.982580
4.690000 -0.982849
4.700000 -0.983020
4.710000 -0.983092
4.720000 -0.983067
4.730000 -0.982943
4.740000 -0.982721
4.750000 -0.982400
4.760000 -0.981981
4.770000 -0.981464
4.780000 -0.980849
4.790000 -0.980136
4.800000 -0.979325
4.810000 -0.978416
4.820000 -0.977409
4.830000 -0.976304
4.840000 -0.975102
4.850000 -0.973802
4.860000 -0.972405
4.870000 -0.970910
4.880000 -0.969319
4.890000 -0.967630
4.900000 -0.965845
4.910000 -0.963963
4.920000 -0.961985
4.930000 -0.959911
4.940000 -0.957741
4.950000 -0.955474
4.960000 -0.953113
4.970000 -0.950656
4.980000 -0.948104
4.990000 -0.945457
5.000000 -0.942716
5.010000 -0.939880
5.020000 -0.936950
5.030000 -0.933927
5.040000 -0.930811
5.050000 -0.927601
5.060000 -0.924298
5.070000 -0.920903
5.080000 -0.917417
5.090000 -0.913838
5.100000 -0.910168
5.110000 -0.906407
5.120000 -0.902555
5.130000 -0.898613
5.140000 -0.894582
5.150000 -0.890461
5.160000 -0.886251
5.170000 -0.881952
5.180000 -0.877565
5.190000 -0.873090
5.200000 -0.868529
5.210000 -0.863880
5.220000 -0.859145
5.230000 -0.854324
5.240000 -0.849418
5.250000 -0.844427
5.260000 -0.839352
5.270000 -0.834192
5.280000 -0.828950
5.290000 -0.823624
5.300000 -0.818217
5.310000 -0.812727
5.320000 -0.807157
5.330000 -0.801506
5.340000 -0.795775
5.350000 -0.789964
5.360000 -0.784075
5.370000 -0.778107
5.380000 -0.772062
5.390000 -0.765940
5.400000 -0.759741
5.410000 -0.753467
5.420000 -0.747118
5.430000 -0.740694
5.440000 -0.734196
5.450000 -0.727626
5.460000 -0.720982
5.470000 -0.714268
5.480000 -0.707482
5.490000 -0.700626
5.500000 -0.693700
5.510000 -0.686706
5.520000 -0.679643
5.530000 -0.672513
5.540000 -0.665316
5.550000 -0.658054
5.560000 -0.650727
5.570000 -0.643335
5.580000 -0.635880
5.590000 -0.628362
5.600000 -0.620782
5.610000 -0.613142
5.620000 -0.605441
5.630000 -0.597681
5.640000 -0.589863
5.650000 -0.581988
5.660000 -0.574055
5.670000 -0.566068
5.680000 -0.558025
5.690000 -0.549929
5.700000 -0.541780
5.710000 -0.533579
5.720000 -0.525328
5.730000 -0.517027
5.740000 -0.508677
5.750000 -0.500279
5.760000 -0.491835
5.770000 -0.483346
5.780000 -0.474813
5.790000 -0.466236
5.800000 -0.457618
5.810000 -0.448960
5.820000 -0.440261
5.830000 -0.431525
5.840000 -0.422753
5.850000 -0.413945
5.860000 -0.405104
5.870000 -0.396230
5.880000 -0.387326
5.890000 -0.378392
5.900000 -0.369432
5.910000 -0.360445
5.920000 -0.351435
5.930000 -0.342402
5.940000 -0.333350
5.950000 -0.324279
5.960000 -0.315193
5.970000 -0.306093
5.980000 -0.296981
5.990000 -0.287860
6.000000 -0.278734
6.010000 -0.269604
6.020000 -0.260473
6.030000 -0.251343
6.040000 -0.242220
6.050000 -0.233105
6.060000 -0.224003
6.070000 -0.214917
6.080000 -0.205850
6.090000 -0.196808
6.100000 -0.187794
6.110000 -0.178814
6.120000 -0.169873
6.130000 -0.160976
6.140000 -0.152128
6.150000 -0.143336
6.160000 -0.134607
6.170000 -0.125947
6.180000 -0.117363
6.190000 -0.108749
6.200000 -0.099779
6.210000 -0.090100
6.220000 -0.079359
6.230000 -0.067204
6.240000 -0.053497
6.250000 -0.039067
6.260000 -0.025017
6.270000 -0.012448
6.280000 -0.002460
